%time,field.pos_x,field.pos_y,field.pos_z,field.rot_x,field.rot_y,field.rot_z,field.rot_w
228042000000,-0.034483909606933594,-0.15000000596046448,4.25,0.43135422468185425,0.3829445242881775,0.5122124552726746,-0.6363375186920166
228490000000,-0.034483909606933594,-0.15000000596046448,4.25,-0.49519243836402893,-0.4963808059692383,-0.2025875598192215,-0.6836292147636414
228936000000,-0.034483909606933594,-0.15000000596046448,4.25,0.6434513926506042,-0.20630836486816406,0.6613938808441162,-0.3255231976509094
229371000000,-0.034483909606933594,-0.15000000596046448,4.25,-0.44101065397262573,-0.674289345741272,-0.3135208487510681,-0.5025417804718018
229830000000,-0.034483909606933594,-0.15000000596046448,4.25,-0.4421202838420868,-0.4333036243915558,-0.7207869291305542,-0.3118395507335663
230271000000,-0.034483909606933594,-0.15000000596046448,4.25,0.7006206512451172,-0.12875038385391235,0.6945062279701233,-0.10107042640447617
230707000000,-0.034483909606933594,-0.15000000596046448,4.25,0.8231909275054932,0.4981454908847809,0.272148996591568,-0.011947020888328552
231165000000,-0.034483909606933594,-0.15000000596046448,4.25,0.2530612051486969,-0.21675677597522736,0.6657874584197998,-0.6676104068756104
231606000000,-0.034483909606933594,-0.15000000596046448,4.25,0.05314801633358002,0.4262593388557434,0.617065966129303,-0.6593238115310669
232002000000,-0.034483909606933594,-0.15000000596046448,4.25,0.1417909562587738,0.618316113948822,-0.504383385181427,-0.5858138799667358
232430000000,-0.034483909606933594,-0.15000000596046448,4.25,-0.12172993272542953,-0.5459109544754028,-0.7134995460510254,-0.42199698090553284
232871000000,-0.034483909606933594,-0.15000000596046448,4.25,-0.5239467620849609,0.31847020983695984,0.397601455450058,-0.6826197504997253
233313000000,-0.034483909606933594,-0.15000000596046448,4.25,0.4981917440891266,0.6965634226799011,-0.5160211324691772,-0.018071122467517853
233707000000,-0.034483909606933594,-0.15000000596046448,4.25,-0.6016658544540405,-0.266000360250473,0.4564381241798401,-0.5990878939628601
234150000000,-0.034483909606933594,-0.15000000596046448,4.25,-0.4532100558280945,0.2900015413761139,-0.3458956480026245,-0.7686715722084045
234552000000,-0.034483909606933594,-0.15000000596046448,4.25,0.14957793056964874,0.6477076411247253,-0.09180022031068802,-0.7414000034332275
235000000000,-0.034483909606933594,-0.15000000596046448,4.25,0.05691637471318245,-0.2681035101413727,0.8230310082435608,-0.49749478697776794
235430000000,-0.034483909606933594,-0.15000000596046448,4.25,-0.7562698721885681,-0.18335315585136414,-0.27192309498786926,-0.5661231279373169
235862000000,-0.034483909606933594,-0.15000000596046448,4.25,-0.48736298084259033,-0.47737887501716614,-0.7293386459350586,-0.0514964796602726
236240000000,-0.034483909606933594,-0.15000000596046448,4.25,0.19777317345142365,0.5816593766212463,0.4959968328475952,-0.6136329174041748
236689000000,-0.034483909606933594,-0.15000000596046448,4.25,-0.4941765069961548,-0.5974273681640625,-0.1911221146583557,-0.6019489765167236
237167000000,-0.034483909606933594,-0.15000000596046448,4.25,0.19006451964378357,-0.8609777092933655,0.1249677985906601,-0.45494604110717773
237616000000,-0.034483909606933594,-0.15000000596046448,4.25,-0.0895693227648735,-0.7674108743667603,-0.5094764232635498,-0.3788030445575714
238095000000,-0.034483909606933594,-0.15000000596046448,4.25,0.4219875931739807,-0.3244982063770294,0.5877923965454102,-0.6092024445533752
238555000000,-0.034483909606933594,-0.15000000596046448,4.25,-0.6536498665809631,0.7429150938987732,0.13375844061374664,-0.05410897359251976
239019000000,-0.034483909606933594,-0.15000000596046448,4.25,0.6607875823974609,0.5140469670295715,0.0012442508013918996,-0.5469130873680115
239469000000,-0.034483909606933594,-0.15000000596046448,4.25,-0.6297667622566223,0.2149648666381836,0.5995793342590332,-0.44462189078330994
239946000000,-0.034483909606933594,-0.15000000596046448,4.25,0.4684080481529236,-0.8744120001792908,-0.04511549696326256,-0.11816181242465973
240394000000,-0.034483909606933594,-0.15000000596046448,4.25,0.2224196195602417,-0.14466716349124908,-0.9093377590179443,-0.32047760486602783
240865000000,-0.034483909606933594,-0.15000000596046448,4.25,0.5732243657112122,-0.37641844153404236,0.7274778485298157,-0.022338084876537323
241323000000,-0.034483909606933594,-0.15000000596046448,4.25,-0.6552806496620178,-0.5934502482414246,0.03651086986064911,-0.46593037247657776
241775000000,-0.034483909606933594,-0.15000000596046448,4.25,-0.10121353715658188,-0.7192296981811523,0.49356529116630554,-0.4783908724784851
242268000000,-0.034483909606933594,-0.15000000596046448,4.25,0.5463986396789551,-0.41867464780807495,-0.4586000144481659,-0.5620019435882568
242696000000,-0.034483909606933594,-0.15000000596046448,4.25,-0.29649075865745544,0.4056641161441803,-0.6054370403289795,-0.6172323822975159
243144000000,-0.034483909606933594,-0.15000000596046448,4.25,-0.7167964577674866,0.2900296747684479,0.3204566538333893,-0.5471683144569397
243583000000,-0.034483909606933594,-0.15000000596046448,4.25,-0.07767690718173981,-0.2009376734495163,-0.6511415839195251,-0.7277396321296692
244043000000,-0.034483909606933594,-0.15000000596046448,4.25,0.3711393177509308,-0.09121615439653397,-0.59909588098526,-0.7035760879516602
244500000000,-0.034483909606933594,-0.15000000596046448,4.25,-0.5514090657234192,-0.5927030444145203,-0.22709384560585022,-0.541368305683136
244945000000,-0.034483909606933594,-0.15000000596046448,4.25,0.6398698687553406,-0.6286537647247314,0.07144664227962494,-0.43618401885032654
245377000000,-0.034483909606933594,-0.15000000596046448,4.25,-0.08727585524320602,-0.6149628162384033,0.6530613899230957,-0.43326032161712646
245805000000,-0.034483909606933594,-0.15000000596046448,4.25,0.6771833896636963,0.045767027884721756,-0.7004554867744446,-0.22065851092338562
246313000000,-0.034483909606933594,-0.15000000596046448,4.25,-0.37814751267433167,-0.39550554752349854,0.6698306798934937,-0.5019031167030334
246663000000,-0.034483909606933594,-0.15000000596046448,4.25,-0.3669838607311249,0.41553762555122375,-0.8268606066703796,-0.09461963921785355
247044000000,-0.034483909606933594,-0.15000000596046448,4.25,0.6333009004592896,-0.570136547088623,0.5227470993995667,-0.024694669991731644
247515000000,-0.034483909606933594,-0.15000000596046448,4.25,0.07069093734025955,0.2787034809589386,0.4589315950870514,-0.8406598567962646
247948000000,-0.034483909606933594,-0.15000000596046448,4.25,-0.6983519196510315,0.4713772237300873,-0.35701417922973633,-0.4032977521419525
248356000000,-0.034483909606933594,-0.15000000596046448,4.25,0.291105717420578,0.3731856644153595,-0.4126615822315216,-0.7782675623893738
248752000000,-0.034483909606933594,-0.15000000596046448,4.25,-0.5113155841827393,0.560639500617981,0.31811749935150146,-0.5683670043945312
249148000000,-0.034483909606933594,-0.15000000596046448,4.25,0.2544480860233307,-0.04887233301997185,0.8302537798881531,-0.49350419640541077
249553000000,-0.034483909606933594,-0.15000000596046448,4.25,0.6116871237754822,-0.14881964027881622,-0.5943451523780823,-0.5004453063011169
249950000000,-0.034483909606933594,-0.15000000596046448,4.25,0.010761203244328499,0.8467920422554016,-0.41294223070144653,-0.3351210653781891
250365000000,-0.034483909606933594,-0.15000000596046448,4.25,-0.13122053444385529,0.8130176663398743,-0.016110816970467567,-0.5670307278633118
250675000000,-0.034483909606933594,-0.15000000596046448,4.25,-0.2577286660671234,0.13509170711040497,-0.8883941769599915,-0.35508015751838684
251116000000,-0.034483909606933594,-0.15000000596046448,4.25,-0.7202737927436829,0.44566547870635986,-0.49453970789909363,-0.1949833482503891
251520000000,-0.034483909606933594,-0.15000000596046448,4.25,0.25170332193374634,0.506122887134552,-0.785658061504364,-0.25144878029823303
251955000000,-0.034483909606933594,-0.15000000596046448,4.25,-0.983940839767456,0.027199238538742065,-0.16297228634357452,-0.06753280758857727
252387000000,-0.034483909606933594,-0.15000000596046448,4.25,-0.13695815205574036,-0.7963171601295471,0.05977732315659523,-0.5861298441886902
252822000000,-0.034483909606933594,-0.15000000596046448,4.25,0.6645690202713013,-0.7451271414756775,-0.053981442004442215,-0.014820515178143978
253244000000,-0.034483909606933594,-0.15000000596046448,4.25,0.8422097563743591,0.2632140815258026,0.4104600250720978,-0.2300516664981842
253615000000,-0.034483909606933594,-0.15000000596046448,4.25,-0.6575314402580261,-0.38964882493019104,0.26588159799575806,-0.5874804258346558
253969000000,-0.034483909606933594,-0.15000000596046448,4.25,0.1196080893278122,0.1534733921289444,-0.4648081958293915,-0.8637668490409851
254347000000,-0.034483909606933594,-0.15000000596046448,4.25,-0.5935676693916321,-0.24901503324508667,0.49969810247421265,-0.5796298384666443
254749000000,-0.034483909606933594,-0.15000000596046448,4.25,0.2710064947605133,0.6512086987495422,-0.6689046025276184,-0.23462626338005066
255154000000,-0.034483909606933594,-0.15000000596046448,4.25,-0.3527200222015381,-0.17996710538864136,0.4928770065307617,-0.7747726440429688
255616000000,-0.034483909606933594,-0.15000000596046448,4.25,0.5680373907089233,0.4893740713596344,-0.6610601544380188,-0.029088079929351807
256008000000,-0.034483909606933594,-0.15000000596046448,4.25,0.49754971265792847,-0.618075966835022,0.11204664409160614,-0.5982239842414856
256401000000,-0.034483909606933594,-0.15000000596046448,4.25,0.4889858067035675,-0.17565913498401642,-0.7678250670433044,-0.374808669090271
256837000000,-0.034483909606933594,-0.15000000596046448,4.25,-0.6174430251121521,-0.12332188338041306,-0.7750918865203857,-0.05280587449669838
257226000000,-0.034483909606933594,-0.15000000596046448,4.25,0.9527575373649597,-0.2569798529148102,0.13955125212669373,-0.08209739625453949
257637000000,-0.034483909606933594,-0.15000000596046448,4.25,0.6689391136169434,0.695543110370636,0.23153063654899597,-0.12301976978778839
258068000000,-0.034483909606933594,-0.15000000596046448,4.25,0.6364039182662964,0.29196640849113464,-0.7121738791465759,-0.050538573414087296
258538000000,-0.034483909606933594,-0.15000000596046448,4.25,0.4825495481491089,0.3763366639614105,0.06650831550359726,-0.788094699382782
259023000000,-0.034483909606933594,-0.15000000596046448,4.25,0.14679720997810364,0.31790515780448914,-0.2844109833240509,-0.8924670219421387
259460000000,-0.034483909606933594,-0.15000000596046448,4.25,0.6564100980758667,-0.47394663095474243,-0.21053844690322876,-0.5478813052177429
259941000000,-0.034483909606933594,-0.15000000596046448,4.25,-0.20302711427211761,0.343819797039032,0.4851541519165039,-0.7779418230056763
260375000000,-0.034483909606933594,-0.15000000596046448,4.25,-0.5772888660430908,0.7847561240196228,-0.20755551755428314,-0.08840920031070709
260828000000,-0.034483909606933594,-0.15000000596046448,4.25,-0.8429461121559143,-0.5321184396743774,0.023357126861810684,-0.07580490410327911
261283000000,-0.034483909606933594,-0.15000000596046448,4.25,0.17086338996887207,-0.022844262421131134,0.670139729976654,-0.7219395041465759
261751000000,-0.034483909606933594,-0.15000000596046448,4.25,-0.19050824642181396,0.16859860718250275,0.09539338946342468,-0.9623831510543823
262209000000,-0.034483909606933594,-0.15000000596046448,4.25,-0.7413337230682373,-0.35821452736854553,-0.5573747754096985,-0.10695832222700119
262660000000,-0.034483909606933594,-0.15000000596046448,4.25,0.28898555040359497,0.03671129047870636,0.88397616147995,-0.36568546295166016
263152000000,-0.034483909606933594,-0.15000000596046448,4.25,-0.607636570930481,0.45630162954330444,0.48552072048187256,-0.432245671749115
263628000000,-0.034483909606933594,-0.15000000596046448,4.25,0.1989845186471939,0.6816948652267456,0.26132941246032715,-0.653761625289917
264068000000,-0.034483909606933594,-0.15000000596046448,4.25,-0.05745841562747955,-0.49122384190559387,-0.15926815569400787,-0.8544187545776367
264479000000,-0.034483909606933594,-0.15000000596046448,4.25,0.5456305742263794,0.22862227261066437,-0.49004268646240234,-0.6402167081832886
264945000000,-0.034483909606933594,-0.15000000596046448,4.25,0.2831781804561615,-0.5983500480651855,-0.5412648916244507,-0.518478274345398
265355000000,-0.034483909606933594,-0.15000000596046448,4.25,-0.5917203426361084,0.41144490242004395,-0.495444118976593,-0.48488688468933105
265760000000,-0.034483909606933594,-0.15000000596046448,4.25,-0.6099793910980225,0.06623741239309311,0.7326726913452148,-0.2944971024990082
266193000000,-0.034483909606933594,-0.15000000596046448,4.25,0.06992949545383453,-0.3452070951461792,0.6943504214286804,-0.6275503635406494
266623000000,-0.034483909606933594,-0.15000000596046448,4.25,0.2619442641735077,-0.27234819531440735,0.612051248550415,-0.6946977376937866
267019000000,-0.034483909606933594,-0.15000000596046448,4.25,0.14841730892658234,0.7993255853652954,0.34316301345825195,-0.470414936542511
267447000000,-0.034483909606933594,-0.15000000596046448,4.25,-0.20479872822761536,-0.3110325038433075,-0.46741002798080444,-0.8017756342887878
267948000000,-0.034483909606933594,-0.15000000596046448,4.25,0.16351068019866943,-0.21518796682357788,0.7769978046417236,-0.5685356855392456
268337000000,-0.034483909606933594,-0.15000000596046448,4.25,0.07206394523382187,0.5696287751197815,-0.7490333914756775,-0.3305736184120178
268740000000,-0.034483909606933594,-0.15000000596046448,4.25,0.5152108073234558,0.5730011463165283,-0.45112186670303345,-0.45024070143699646
269171000000,-0.034483909606933594,-0.15000000596046448,4.25,-0.7225778102874756,0.055320266634225845,-0.14664718508720398,-0.6732871532440186
269570000000,-0.034483909606933594,-0.15000000596046448,4.25,0.26221221685409546,-0.77387535572052,0.15885791182518005,-0.5541894435882568
270005000000,-0.034483909606933594,-0.15000000596046448,4.25,-0.6493745446205139,0.20332393050193787,-0.5744746327400208,-0.45491868257522583
270443000000,-0.034483909606933594,-0.15000000596046448,4.25,0.37804126739501953,0.5022064447402954,0.6437222361564636,-0.4364575445652008
270864000000,-0.034483909606933594,-0.15000000596046448,4.25,-0.4734187126159668,0.5576483607292175,0.08618775755167007,-0.6763688325881958
271314000000,-0.034483909606933594,-0.15000000596046448,4.25,-0.7876673340797424,-0.13440287113189697,0.5726460218429565,-0.18328310549259186
271752000000,-0.034483909606933594,-0.15000000596046448,4.25,-0.5388559103012085,-0.33771711587905884,-0.16044850647449493,-0.7548760771751404
272177000000,-0.034483909606933594,-0.15000000596046448,4.25,-0.6690518260002136,0.6821513772010803,-0.2821379005908966,-0.08623995631933212
272633000000,-0.034483909606933594,-0.15000000596046448,4.25,0.6891264319419861,-0.547698438167572,0.17553016543388367,-0.4408178925514221
273094000000,-0.034483909606933594,-0.15000000596046448,4.25,-0.2645472288131714,0.14739792048931122,-0.6828193068504333,-0.6648657917976379
273528000000,-0.034483909606933594,-0.15000000596046448,4.25,-0.6684541702270508,0.34693536162376404,0.6538624167442322,-0.07258689403533936
273981000000,-0.034483909606933594,-0.15000000596046448,4.25,0.49947312474250793,-0.004143509082496166,0.45030277967453003,-0.7400925159454346
274451000000,-0.034483909606933594,-0.15000000596046448,4.25,0.03227045014500618,-0.6493279337882996,-0.40154892206192017,-0.6450507044792175
274913000000,-0.034483909606933594,-0.15000000596046448,4.25,0.5503307580947876,0.7384516000747681,-0.3382730484008789,-0.19338196516036987
275354000000,-0.034483909606933594,-0.15000000596046448,4.25,-0.03486394137144089,0.24680519104003906,-0.4858535826206207,-0.8377458453178406
275754000000,-0.034483909606933594,-0.15000000596046448,4.25,0.3814437687397003,-0.6421586275100708,-0.6635650396347046,-0.04259495809674263
276225000000,-0.034483909606933594,-0.15000000596046448,4.25,-0.41483694314956665,-0.6427193284034729,-0.09540732949972153,-0.6369613409042358
276684000000,-0.034483909606933594,-0.15000000596046448,4.25,-0.4213714897632599,0.29505735635757446,0.708634078502655,-0.48293381929397583
277125000000,-0.034483909606933594,-0.15000000596046448,4.25,-0.6252390146255493,-0.04751886799931526,0.6976001858711243,-0.3466586470603943
277582000000,-0.034483909606933594,-0.15000000596046448,4.25,-0.4531245529651642,-0.6663060784339905,0.3185320496559143,-0.49925121665000916
278027000000,-0.034483909606933594,-0.15000000596046448,4.25,0.7918291091918945,0.3666539490222931,-0.09288711100816727,-0.4795244038105011
278501000000,-0.034483909606933594,-0.15000000596046448,4.25,-0.9519465565681458,0.2686927616596222,0.13354504108428955,-0.06138115003705025
278927000000,-0.034483909606933594,-0.15000000596046448,4.25,0.4151967465877533,0.7337925434112549,0.24787108600139618,-0.4772002696990967
279363000000,-0.034483909606933594,-0.15000000596046448,4.25,-0.8486733436584473,0.20697949826717377,0.16339917480945587,-0.45849087834358215
279781000000,-0.034483909606933594,-0.15000000596046448,4.25,-0.5923362374305725,0.046292394399642944,0.27566197514533997,-0.7556489706039429
280197000000,-0.034483909606933594,-0.15000000596046448,4.25,0.5411257743835449,-0.26788991689682007,0.5561648607254028,-0.5710504651069641
280632000000,-0.034483909606933594,-0.15000000596046448,4.25,0.4226267337799072,0.15056312084197998,0.21362994611263275,-0.8678016662597656
281084000000,-0.034483909606933594,-0.15000000596046448,4.25,-0.6759017109870911,-0.003467818023636937,-0.6319105625152588,-0.3792544901371002
281549000000,-0.034483909606933594,-0.15000000596046448,4.25,0.692883312702179,0.27142104506492615,0.295362651348114,-0.5991696715354919
282007000000,-0.034483909606933594,-0.15000000596046448,4.25,0.529826819896698,-0.4919828772544861,-0.32312676310539246,-0.6105943918228149
282394000000,-0.034483909606933594,-0.15000000596046448,4.25,0.22340579330921173,0.2707318067550659,-0.5914172530174255,-0.7259612679481506
282815000000,-0.034483909606933594,-0.15000000596046448,4.25,-0.047811977565288544,0.043340086936950684,-0.08858638256788254,-0.9939759373664856
283247000000,-0.034483909606933594,-0.15000000596046448,4.25,-0.8768653273582458,-0.3081097900867462,0.20182843506336212,-0.3089349567890167
283692000000,-0.034483909606933594,-0.15000000596046448,4.25,-0.5911391377449036,0.7975500226020813,-0.08720818161964417,-0.08284537494182587
284141000000,-0.034483909606933594,-0.15000000596046448,4.25,0.29379284381866455,-0.4665960371494293,0.21154111623764038,-0.8069846630096436
284604000000,-0.034483909606933594,-0.15000000596046448,4.25,-0.369923859834671,-0.20210860669612885,-0.8807019591331482,-0.21603842079639435
285083000000,-0.034483909606933594,-0.15000000596046448,4.25,0.16169390082359314,-0.3989078402519226,0.8178312182426453,-0.3819420039653778
285562000000,-0.034483909606933594,-0.15000000596046448,4.25,0.14432822167873383,-0.11575020104646683,-0.5069435834884644,-0.8418903946876526
286037000000,-0.034483909606933594,-0.15000000596046448,4.25,-0.6748521327972412,-0.40836358070373535,0.5526373386383057,-0.2690834105014801
286496000000,-0.034483909606933594,-0.15000000596046448,4.25,-0.6508523225784302,0.5012518167495728,0.1447705328464508,-0.5515246391296387
286970000000,-0.034483909606933594,-0.15000000596046448,4.25,-0.5897640585899353,0.2791479825973511,0.509769856929779,-0.5607044100761414
287428000000,-0.034483909606933594,-0.15000000596046448,4.25,0.40277090668678284,0.33738070726394653,-0.5581656694412231,-0.6421846151351929
287905000000,-0.034483909606933594,-0.15000000596046448,4.25,-0.5976266264915466,0.6939214468002319,-0.3388078808784485,-0.21569569408893585
288375000000,-0.034483909606933594,-0.15000000596046448,4.25,-0.12366723269224167,0.6143630146980286,0.7765337824821472,-0.06526757776737213
288837000000,-0.034483909606933594,-0.15000000596046448,4.25,0.5723294019699097,-0.40902265906333923,-0.5115039348602295,-0.4934605658054352
289311000000,-0.034483909606933594,-0.15000000596046448,4.25,-0.7302630543708801,-0.12962065637111664,-0.47715264558792114,-0.47142311930656433
289767000000,-0.034483909606933594,-0.15000000596046448,4.25,0.6418246626853943,-0.5740542411804199,0.5081483125686646,-0.017555464059114456
290226000000,-0.034483909606933594,-0.15000000596046448,4.25,0.6844668984413147,0.06612534821033478,0.5612690448760986,-0.4605536162853241
290698000000,-0.034483909606933594,-0.15000000596046448,4.25,0.7226674556732178,-0.12258784472942352,-0.1270703822374344,-0.6682642102241516
291174000000,-0.034483909606933594,-0.15000000596046448,4.25,-0.5502916574478149,0.5929279923439026,-0.5840298533439636,-0.06726602464914322
291620000000,-0.034483909606933594,-0.15000000596046448,4.25,0.5193797945976257,0.05495460331439972,0.45270419120788574,-0.7226918935775757
292069000000,-0.034483909606933594,-0.15000000596046448,4.25,0.1116873100399971,-0.2920912206172943,-0.5186920166015625,-0.7957181334495544
292525000000,-0.034483909606933594,-0.15000000596046448,4.25,0.10061134397983551,0.5133422613143921,0.6810503005981445,-0.5123744606971741
292977000000,-0.034483909606933594,-0.15000000596046448,4.25,-0.6671394109725952,-0.14408841729164124,-0.3959733247756958,-0.6143034100532532
293427000000,-0.034483909606933594,-0.15000000596046448,4.25,-0.7374204993247986,0.2225791960954666,-0.637546956539154,-0.014263661578297615
293897000000,-0.034483909606933594,-0.15000000596046448,4.25,-0.14366032183170319,-0.613395094871521,0.6819847226142883,-0.37149035930633545
294354000000,-0.034483909606933594,-0.15000000596046448,4.25,0.08956457674503326,0.20209626853466034,0.26741451025009155,-0.9378831386566162
294810000000,-0.034483909606933594,-0.15000000596046448,4.25,0.9882128238677979,-0.001963353483006358,-0.028300270438194275,-0.15043506026268005
295271000000,-0.034483909606933594,-0.15000000596046448,4.25,0.6675230264663696,-0.35702237486839294,-0.19101308286190033,-0.6248696446418762
295730000000,-0.034483909606933594,-0.15000000596046448,4.25,-0.4915678799152374,-0.30964699387550354,-0.41943758726119995,-0.6975327134132385
296173000000,-0.034483909606933594,-0.15000000596046448,4.25,-0.22197994589805603,-0.4445447623729706,0.6530941724777222,-0.5714654922485352
296625000000,-0.034483909606933594,-0.15000000596046448,4.25,-0.1291951835155487,0.029061995446681976,0.6814163327217102,-0.7198165059089661
297041000000,-0.034483909606933594,-0.15000000596046448,4.25,-0.24560420215129852,0.5028814673423767,0.7378829121589661,-0.37725016474723816
297496000000,-0.034483909606933594,-0.15000000596046448,4.25,-0.01956157013773918,-0.5094749927520752,0.14188042283058167,-0.8484824895858765
297932000000,-0.034483909606933594,-0.15000000596046448,4.25,-0.6476986408233643,0.58570396900177,-0.16147953271865845,-0.4597409963607788
298349000000,-0.034483909606933594,-0.15000000596046448,4.25,0.35642191767692566,-0.6654513478279114,0.15447767078876495,-0.6373968124389648
298851000000,-0.034483909606933594,-0.15000000596046448,4.25,-0.7504191398620605,-0.24407915771007538,-0.40139147639274597,-0.46495309472084045
299300000000,-0.034483909606933594,-0.15000000596046448,4.25,-0.3973022997379303,0.7580903768539429,-0.2954661250114441,-0.4244404137134552
299758000000,-0.034483909606933594,-0.15000000596046448,4.25,0.36339452862739563,0.6289143562316895,-0.6435513496398926,-0.24135638773441315
300214000000,-0.034483909606933594,-0.15000000596046448,4.25,0.6342852115631104,-0.5657658576965332,-0.25928372144699097,-0.45865383744239807
300662000000,-0.034483909606933594,-0.15000000596046448,4.25,-0.4829600155353546,-0.7686204314231873,-0.1955452263355255,-0.3711256980895996
301133000000,-0.034483909606933594,-0.15000000596046448,4.25,-0.5533732175827026,-0.11094449460506439,-0.007030473556369543,-0.8254817128181458
301570000000,-0.034483909606933594,-0.15000000596046448,4.25,-0.5515937209129333,-0.7725705504417419,0.29910820722579956,-0.09702282398939133
302029000000,-0.034483909606933594,-0.15000000596046448,4.25,-0.5888092517852783,-0.19293063879013062,-0.5777884721755981,-0.5312644839286804
302497000000,-0.034483909606933594,-0.15000000596046448,4.25,-0.04325498640537262,0.12318549305200577,-0.05005916953086853,-0.9901760220527649
302993000000,-0.034483909606933594,-0.15000000596046448,4.25,-0.1960419863462448,0.7193007469177246,-0.6130953431129456,-0.26131993532180786
303455000000,-0.034483909606933594,-0.15000000596046448,4.25,-0.22441768646240234,-0.587733805179596,-0.7230101823806763,-0.2854154706001282
303917000000,-0.034483909606933594,-0.15000000596046448,4.25,-0.5497580170631409,0.5666634440422058,-0.44758495688438416,-0.4199124574661255
304385000000,-0.034483909606933594,-0.15000000596046448,4.25,-0.20667488873004913,0.5159533023834229,-0.680509090423584,-0.47747787833213806
304834000000,-0.034483909606933594,-0.15000000596046448,4.25,0.6088937520980835,0.44143518805503845,-0.40077459812164307,-0.5232238173484802
305299000000,-0.034483909606933594,-0.15000000596046448,4.25,0.7183260917663574,-0.6613452434539795,-0.20682457089424133,-0.06207850202918053
305764000000,-0.034483909606933594,-0.15000000596046448,4.25,-0.5363478064537048,0.13087958097457886,0.5191748738288879,-0.6524254679679871
306188000000,-0.034483909606933594,-0.15000000596046448,4.25,0.6433007717132568,-0.5790746808052063,-0.3346186578273773,-0.3726487457752228
306608000000,-0.034483909606933594,-0.15000000596046448,4.25,0.3478168845176697,0.5983340740203857,0.34132125973701477,-0.6360186338424683
307095000000,-0.034483909606933594,-0.15000000596046448,4.25,0.19396665692329407,0.059668757021427155,-0.6022471189498901,-0.7720848321914673
307531000000,-0.034483909606933594,-0.15000000596046448,4.25,0.6319795846939087,0.42920464277267456,0.6319794058799744,-0.13033516705036163
307978000000,-0.034483909606933594,-0.15000000596046448,4.25,0.3502706289291382,-0.4932081997394562,0.5000292658805847,-0.6196990609169006
308438000000,-0.034483909606933594,-0.15000000596046448,4.25,0.6384719014167786,0.41643109917640686,-0.6168749332427979,-0.19596964120864868
308871000000,-0.034483909606933594,-0.15000000596046448,4.25,-0.4761999845504761,-0.5520168542861938,0.6804503798484802,-0.07415036857128143
309332000000,-0.034483909606933594,-0.15000000596046448,4.25,0.444887638092041,0.5851811766624451,-0.4260218143463135,-0.5273930430412292
309795000000,-0.034483909606933594,-0.15000000596046448,4.25,0.583678662776947,-0.029598377645015717,0.46505123376846313,-0.6649590134620667
310227000000,-0.034483909606933594,-0.15000000596046448,4.25,0.4468287527561188,-0.5312628746032715,-0.5742205381393433,-0.4340214729309082
310694000000,-0.034483909606933594,-0.15000000596046448,4.25,-0.6619883179664612,0.15016210079193115,-0.2067381739616394,-0.7046148777008057
311191000000,-0.034483909606933594,-0.15000000596046448,4.25,0.6140508651733398,-0.7112816572189331,-0.2847670912742615,-0.18954582512378693
311644000000,-0.034483909606933594,-0.15000000596046448,4.25,0.5543948411941528,0.24454116821289062,-0.5934160351753235,-0.5298144221305847
312110000000,-0.034483909606933594,-0.15000000596046448,4.25,0.019101468846201897,-0.8387598395347595,0.5332987904548645,-0.10821069031953812
312565000000,-0.034483909606933594,-0.15000000596046448,4.25,0.595136821269989,-0.04929351806640625,-0.6376444697380066,-0.48661261796951294
313028000000,-0.034483909606933594,-0.15000000596046448,4.25,0.6328278183937073,-0.3753439784049988,-0.5445936322212219,-0.4025712311267853
313486000000,-0.034483909606933594,-0.15000000596046448,4.25,-0.5832298994064331,0.5824215412139893,-0.5450413823127747,-0.15348617732524872
313922000000,-0.034483909606933594,-0.15000000596046448,4.25,-0.5147027373313904,-0.4967758357524872,0.6977536678314209,-0.03787834569811821
314288000000,-0.034483909606933594,-0.15000000596046448,4.25,0.3737006187438965,0.2830790579319,0.36834293603897095,-0.8028309941291809
314692000000,-0.034483909606933594,-0.15000000596046448,4.25,0.43706849217414856,0.6177965402603149,0.4140571653842926,-0.5058214068412781
315111000000,-0.034483909606933594,-0.15000000596046448,4.25,-0.6936642527580261,0.4943230450153351,-0.3150619864463806,-0.41858163475990295
315540000000,-0.034483909606933594,-0.15000000596046448,4.25,-0.418602854013443,0.11611831188201904,0.8801611661911011,-0.1913232058286667
315983000000,-0.034483909606933594,-0.15000000596046448,4.25,0.38975033164024353,0.6463461518287659,0.17938631772994995,-0.6309927701950073
316405000000,-0.034483909606933594,-0.15000000596046448,4.25,0.123796746134758,-0.5263033509254456,0.563450813293457,-0.6246618032455444
316846000000,-0.034483909606933594,-0.15000000596046448,4.25,-0.0285087488591671,-0.5244861841201782,0.8315461874008179,-0.18064451217651367
317287000000,-0.034483909606933594,-0.15000000596046448,4.25,-0.580836832523346,0.5000394582748413,0.37230926752090454,-0.5234262347221375
317744000000,-0.034483909606933594,-0.15000000596046448,4.25,0.6735888719558716,-0.29008612036705017,0.6077989935874939,-0.304480642080307
318199000000,-0.034483909606933594,-0.15000000596046448,4.25,0.04029131680727005,-0.556502640247345,0.8234971761703491,-0.10263428092002869
318655000000,-0.034483909606933594,-0.15000000596046448,4.25,0.9027252197265625,0.11850609630346298,0.0666022077202797,-0.4081760346889496
319092000000,-0.034483909606933594,-0.15000000596046448,4.25,0.4326353073120117,-0.6713083982467651,-0.19063065946102142,-0.5708168148994446
319575000000,-0.034483909606933594,-0.15000000596046448,4.25,-0.7650631666183472,0.47940316796302795,0.3881058692932129,-0.1849992871284485
320028000000,-0.034483909606933594,-0.15000000596046448,4.25,0.13309785723686218,0.6708160638809204,-0.10575775802135468,-0.7218768000602722
320487000000,-0.034483909606933594,-0.15000000596046448,4.25,0.6807730197906494,0.7236688733100891,-0.0036988998763263226,-0.1133042648434639
320921000000,-0.034483909606933594,-0.15000000596046448,4.25,0.47555533051490784,0.5631706714630127,0.4413110911846161,-0.5117914080619812
321374000000,-0.034483909606933594,-0.15000000596046448,4.25,-0.06111438572406769,-0.40668031573295593,0.68013995885849,-0.6068655252456665
321847000000,-0.034483909606933594,-0.15000000596046448,4.25,0.41245266795158386,0.7537429928779602,0.5072230100631714,-0.06692613661289215
322301000000,-0.034483909606933594,-0.15000000596046448,4.25,0.8339161276817322,0.09261779487133026,-0.45681220293045044,-0.2955140173435211
322751000000,-0.034483909606933594,-0.15000000596046448,4.25,0.5654938220977783,-0.5582643151283264,-0.5433521866798401,-0.2707879841327667
323227000000,-0.034483909606933594,-0.15000000596046448,4.25,0.7025668621063232,0.5490435361862183,-0.24732555449008942,-0.3791848123073578
323684000000,-0.034483909606933594,-0.15000000596046448,4.25,-0.5139297842979431,0.22969628870487213,0.19687503576278687,-0.802717924118042
324148000000,-0.034483909606933594,-0.15000000596046448,4.25,0.838676393032074,-0.31038421392440796,-0.44301971793174744,-0.06338035315275192
324589000000,-0.034483909606933594,-0.15000000596046448,4.25,0.6479109525680542,-0.722532331943512,-0.12879158556461334,-0.2038903534412384
325057000000,-0.034483909606933594,-0.15000000596046448,4.25,0.532348096370697,0.4311886131763458,-0.67012619972229,-0.2856796383857727
325511000000,-0.034483909606933594,-0.15000000596046448,4.25,0.5202295780181885,-0.5642378926277161,0.5558968782424927,-0.3193358778953552
325978000000,-0.034483909606933594,-0.15000000596046448,4.25,0.933509111404419,-0.11429017037153244,0.3351149260997772,-0.056538037955760956
326415000000,-0.034483909606933594,-0.15000000596046448,4.25,-0.5196417570114136,0.5524970293045044,-0.07529623806476593,-0.647340714931488
326851000000,-0.034483909606933594,-0.15000000596046448,4.25,0.7647231817245483,-0.47482436895370483,0.3988616168498993,-0.17507047951221466
327297000000,-0.034483909606933594,-0.15000000596046448,4.25,-0.3462306261062622,-0.5054646730422974,0.4359588027000427,-0.6592190861701965
327733000000,-0.034483909606933594,-0.15000000596046448,4.25,0.7207327485084534,-0.554877758026123,0.19994261860847473,-0.3642500042915344
328168000000,-0.034483909606933594,-0.15000000596046448,4.25,0.7922701239585876,-0.5156959295272827,0.19556288421154022,-0.26099979877471924
328640000000,-0.034483909606933594,-0.15000000596046448,4.25,-0.7621792554855347,-0.5547401309013367,-0.10356376320123672,-0.31720784306526184
329091000000,-0.034483909606933594,-0.15000000596046448,4.25,0.20376567542552948,0.8113872408866882,-0.15902678668498993,-0.5242525339126587
329558000000,-0.034483909606933594,-0.15000000596046448,4.25,0.3257339894771576,0.17440560460090637,0.4940928518772125,-0.7869894504547119
330036000000,-0.034483909606933594,-0.15000000596046448,4.25,-0.049040019512176514,-0.375822514295578,-0.5341305136680603,-0.7556832432746887
330487000000,-0.034483909606933594,-0.15000000596046448,4.25,-0.0916074737906456,-0.5598058700561523,0.23828068375587463,-0.7883196473121643
330946000000,-0.034483909606933594,-0.15000000596046448,4.25,-0.5043732523918152,0.5106527805328369,0.5394599437713623,-0.44025495648384094
331395000000,-0.034483909606933594,-0.15000000596046448,4.25,0.32736435532569885,-0.45119449496269226,0.5821864008903503,-0.5918743014335632
331842000000,-0.034483909606933594,-0.15000000596046448,4.25,-0.5358956456184387,-0.5975241661071777,0.13473236560821533,-0.5810576677322388
332322000000,-0.034483909606933594,-0.15000000596046448,4.25,0.4161688983440399,0.5580209493637085,0.3491242825984955,-0.6273183822631836
332777000000,-0.034483909606933594,-0.15000000596046448,4.25,0.04446329176425934,0.6958635449409485,0.5556473135948181,-0.45282793045043945
333208000000,-0.034483909606933594,-0.15000000596046448,4.25,-0.5604142546653748,0.4444233179092407,0.4422208368778229,-0.5411697030067444
333696000000,-0.034483909606933594,-0.15000000596046448,4.25,-0.018915673717856407,0.6805810332298279,0.7235415577888489,-0.11375124007463455
334118000000,-0.034483909606933594,-0.15000000596046448,4.25,-0.43061667680740356,-0.10578855872154236,0.7554815411567688,-0.4823128283023834
334611000000,-0.034483909606933594,-0.15000000596046448,4.25,-0.009141960181295872,0.8087411522865295,-0.1607595682144165,-0.5656947493553162
335098000000,-0.034483909606933594,-0.15000000596046448,4.25,0.6527382731437683,-0.3494994342327118,0.30499574542045593,-0.5989662408828735
335555000000,-0.034483909606933594,-0.15000000596046448,4.25,-0.8918261528015137,0.2550291419029236,0.3736051321029663,-0.005046764388680458
336729000000,-0.034483909606933594,-0.15000000596046448,4.25,-0.5349466800689697,0.22022637724876404,0.795896589756012,-0.1785527914762497
337167000000,-0.034483909606933594,-0.15000000596046448,4.25,0.6166287660598755,-0.15667566657066345,0.514836847782135,-0.5745997428894043
337624000000,-0.034483909606933594,-0.15000000596046448,4.25,0.6192255020141602,0.6083751320838928,-0.345008909702301,-0.35694313049316406
338038000000,-0.034483909606933594,-0.15000000596046448,4.25,-0.05022187530994415,0.21802176535129547,-0.10976743698120117,-0.9684500098228455
338437000000,-0.034483909606933594,-0.15000000596046448,4.25,0.4417145550251007,0.5454596877098083,0.667177677154541,-0.24947141110897064
338902000000,-0.034483909606933594,-0.15000000596046448,4.25,-0.7158051133155823,0.18094775080680847,-0.5717819929122925,-0.35769593715667725
339344000000,-0.034483909606933594,-0.15000000596046448,4.25,0.5355204939842224,0.46090129017829895,-0.30927398800849915,-0.6365041136741638
339753000000,-0.034483909606933594,-0.15000000596046448,4.25,0.29852262139320374,-0.4844183027744293,-0.8183920383453369,-0.08035964518785477
340213000000,-0.034483909606933594,-0.15000000596046448,4.25,-0.00896056555211544,-0.9970889687538147,0.011364178732037544,-0.07486116141080856
340761000000,-0.034483909606933594,-0.15000000596046448,4.25,0.3320351243019104,-0.5489031672477722,0.712326169013977,-0.2846919894218445
341187000000,-0.034483909606933594,-0.15000000596046448,4.25,0.32146236300468445,0.40555059909820557,-0.735816478729248,-0.43676626682281494
341638000000,-0.034483909606933594,-0.15000000596046448,4.25,0.6836275458335876,-0.7153530120849609,0.05695405974984169,-0.13296546041965485
342084000000,-0.034483909606933594,-0.15000000596046448,4.25,-0.6168786287307739,0.4096425473690033,-0.6614958047866821,-0.11864699423313141
342532000000,-0.034483909606933594,-0.15000000596046448,4.25,0.04781881347298622,-0.4277055561542511,-0.7912321090698242,-0.43443426489830017
343010000000,-0.034483909606933594,-0.15000000596046448,4.25,-0.5687179565429688,-0.6378179788589478,-0.4154871106147766,-0.3116387724876404
343453000000,-0.034483909606933594,-0.15000000596046448,4.25,-0.44400593638420105,0.5353317856788635,0.18812839686870575,-0.6934597492218018
343927000000,-0.034483909606933594,-0.15000000596046448,4.25,0.0903216078877449,-0.8090249300003052,0.4719180762767792,-0.3385469615459442
344373000000,-0.034483909606933594,-0.15000000596046448,4.25,0.49010446667671204,-0.2814040780067444,-0.5086669325828552,-0.6495131850242615
344798000000,-0.034483909606933594,-0.15000000596046448,4.25,-0.5278252959251404,-0.5947600603103638,0.4927108883857727,-0.35340771079063416
345256000000,-0.034483909606933594,-0.15000000596046448,4.25,0.11950806528329849,0.512963593006134,0.7290104031562805,-0.43718433380126953
345719000000,-0.034483909606933594,-0.15000000596046448,4.25,0.6172640919685364,0.2934938967227936,-0.6836130619049072,-0.2559678554534912
346197000000,-0.034483909606933594,-0.15000000596046448,4.25,-0.5170737504959106,0.4484340250492096,-0.4768677055835724,-0.5514878630638123
346647000000,-0.034483909606933594,-0.15000000596046448,4.25,-0.32439112663269043,0.5284956097602844,0.31469905376434326,-0.7186287641525269
347102000000,-0.034483909606933594,-0.15000000596046448,4.25,0.7062860131263733,0.5918422341346741,0.27353590726852417,-0.2757914960384369
347543000000,-0.034483909606933594,-0.15000000596046448,4.25,0.42206382751464844,-0.5247431397438049,-0.18305502831935883,-0.7162385582923889
348005000000,-0.034483909606933594,-0.15000000596046448,4.25,0.16223563253879547,0.5155741572380066,0.61067134141922,-0.5787429809570312
348439000000,-0.034483909606933594,-0.15000000596046448,4.25,0.4976760149002075,-0.8129939436912537,0.2420244961977005,-0.1810624748468399
348907000000,-0.034483909606933594,-0.15000000596046448,4.25,0.29497459530830383,0.6526620984077454,0.6968944072723389,-0.03688312694430351
349384000000,-0.034483909606933594,-0.15000000596046448,4.25,-0.5212218761444092,-0.7030271887779236,-0.4591189920902252,-0.152611643075943
349844000000,-0.034483909606933594,-0.15000000596046448,4.25,-0.06562072038650513,-0.2038297802209854,-0.67143714427948,-0.7094502449035645
350321000000,-0.034483909606933594,-0.15000000596046448,4.25,0.7199894785881042,0.2811563014984131,0.27794981002807617,-0.5703597664833069
350789000000,-0.034483909606933594,-0.15000000596046448,4.25,0.6543932557106018,-0.39425164461135864,-0.4982675015926361,-0.4099569618701935
351260000000,-0.034483909606933594,-0.15000000596046448,4.25,0.526282787322998,0.35764920711517334,-0.5080155730247498,-0.5805461406707764
351727000000,-0.034483909606933594,-0.15000000596046448,4.25,-0.09398855268955231,0.10173754394054413,0.8884110450744629,-0.4376545250415802
352201000000,-0.034483909606933594,-0.15000000596046448,4.25,0.34753841161727905,0.5679925680160522,-0.5149107575416565,-0.5398781895637512
352652000000,-0.034483909606933594,-0.15000000596046448,4.25,-0.24290204048156738,-0.6943938136100769,0.6578217148780823,-0.16151292622089386
353082000000,-0.034483909606933594,-0.15000000596046448,4.25,-0.7855744361877441,-0.3883413076400757,0.12715783715248108,-0.46464481949806213
353494000000,-0.034483909606933594,-0.15000000596046448,4.25,-0.05558604374527931,-0.5546688437461853,-0.4317339062690735,-0.7091251611709595
353934000000,-0.034483909606933594,-0.15000000596046448,4.25,0.7402608394622803,-0.6492530107498169,0.05248826742172241,-0.16652141511440277
354399000000,-0.034483909606933594,-0.15000000596046448,4.25,0.2936859428882599,-0.5882095694541931,0.4263773262500763,-0.6212571859359741
354857000000,-0.034483909606933594,-0.15000000596046448,4.25,0.23117512464523315,0.06378470361232758,0.48107314109802246,-0.8432427048683167
355318000000,-0.034483909606933594,-0.15000000596046448,4.25,-0.5402482151985168,-0.12069366127252579,-0.037693705409765244,-0.8319519758224487
355759000000,-0.034483909606933594,-0.15000000596046448,4.25,-0.4008547365665436,0.4768979549407959,0.527680516242981,-0.5774402022361755
356241000000,-0.034483909606933594,-0.15000000596046448,4.25,-0.6342031359672546,0.21643327176570892,0.3593297302722931,-0.6494807004928589
356718000000,-0.034483909606933594,-0.15000000596046448,4.25,-0.5738837122917175,0.7462114691734314,-0.33729493618011475,-0.007619124371558428
357188000000,-0.034483909606933594,-0.15000000596046448,4.25,-0.5438550710678101,0.5036702156066895,0.6064633131027222,-0.28764602541923523
357668000000,-0.034483909606933594,-0.15000000596046448,4.25,0.6837512850761414,-0.6791185140609741,-0.2541638910770416,-0.08174893260002136
358129000000,-0.034483909606933594,-0.15000000596046448,4.25,-0.6103867292404175,-0.19711703062057495,0.7366297841072083,-0.21435852348804474
358583000000,-0.034483909606933594,-0.15000000596046448,4.25,0.5793245434761047,0.6373421549797058,0.02646207995712757,-0.5074228644371033
359052000000,-0.034483909606933594,-0.15000000596046448,4.25,-0.30408915877342224,-0.45502206683158875,0.579321026802063,-0.6040462255477905
359505000000,-0.034483909606933594,-0.15000000596046448,4.25,0.2091962695121765,0.5590111017227173,-0.7270748615264893,-0.33927246928215027
359941000000,-0.034483909606933594,-0.15000000596046448,4.25,0.6193789839744568,0.2953270971775055,0.565953254699707,-0.45699945092201233
360381000000,-0.034483909606933594,-0.15000000596046448,4.25,-0.233370840549469,0.6312201023101807,-0.25614362955093384,-0.693894624710083
360809000000,-0.034483909606933594,-0.15000000596046448,4.25,-0.00047643561265431345,0.7158424258232117,-0.13170170783996582,-0.6857288479804993
361267000000,-0.034483909606933594,-0.15000000596046448,4.25,0.5157406330108643,0.4295811355113983,0.6406437158584595,-0.3728904128074646
361703000000,-0.034483909606933594,-0.15000000596046448,4.25,-0.3596827983856201,-0.9190948605537415,0.11875452101230621,-0.10858339071273804
362157000000,-0.034483909606933594,-0.15000000596046448,4.25,0.5104528665542603,-0.43679866194725037,0.7406991720199585,-0.0030908810440450907
362590000000,-0.034483909606933594,-0.15000000596046448,4.25,-0.7472289800643921,0.19007577002048492,0.6272926926612854,-0.10965399444103241
363014000000,-0.034483909606933594,-0.15000000596046448,4.25,0.07620789110660553,-0.49883562326431274,-0.3405371904373169,-0.7933409214019775
363462000000,-0.034483909606933594,-0.15000000596046448,4.25,-0.49695444107055664,0.5918416380882263,0.6301884055137634,-0.07498249411582947
363861000000,-0.034483909606933594,-0.15000000596046448,4.25,-0.3590908646583557,-0.15764649212360382,-0.645844578742981,-0.6550466418266296
364275000000,-0.034483909606933594,-0.15000000596046448,4.25,-0.723713755607605,0.446233868598938,0.3159075379371643,-0.4210893213748932
364740000000,-0.034483909606933594,-0.15000000596046448,4.25,-0.3793659210205078,0.355373352766037,-0.399662047624588,-0.755024254322052
365184000000,-0.034483909606933594,-0.15000000596046448,4.25,-0.005786055698990822,-0.8183906674385071,-0.5735410451889038,-0.035410746932029724
365623000000,-0.034483909606933594,-0.15000000596046448,4.25,0.11560457199811935,-0.9921401143074036,-0.04789115861058235,-5.763292938354425e-05
366098000000,-0.034483909606933594,-0.15000000596046448,4.25,-0.18909776210784912,0.8382188677787781,-0.4996042549610138,-0.10966655611991882
366552000000,-0.034483909606933594,-0.15000000596046448,4.25,0.5893195271492004,0.20853428542613983,-0.6401273012161255,-0.4466017186641693
367001000000,-0.034483909606933594,-0.15000000596046448,4.25,-0.48389285802841187,0.46760356426239014,0.6225383877754211,-0.3995504379272461
367488000000,-0.034483909606933594,-0.15000000596046448,4.25,-0.16013073921203613,-0.18392907083034515,-0.08148965984582901,-0.9663786888122559
367951000000,-0.034483909606933594,-0.15000000596046448,4.25,0.6281828880310059,-0.04470501095056534,-0.4412609040737152,-0.6392781734466553
368413000000,-0.034483909606933594,-0.15000000596046448,4.25,-0.35164424777030945,-0.7408702969551086,0.17154833674430847,-0.5459200143814087
368860000000,-0.034483909606933594,-0.15000000596046448,4.25,-0.7569595575332642,0.39519616961479187,0.43068668246269226,-0.29213228821754456
369309000000,-0.034483909606933594,-0.15000000596046448,4.25,-0.1533394157886505,0.462776243686676,0.4226813316345215,-0.7639801502227783
369776000000,-0.034483909606933594,-0.15000000596046448,4.25,0.1006915494799614,-0.057926785200834274,0.7304867506027222,-0.6729745864868164
370258000000,-0.034483909606933594,-0.15000000596046448,4.25,-0.7251579761505127,-0.6560717225074768,0.2032807618379593,-0.04891591891646385
370724000000,-0.034483909606933594,-0.15000000596046448,4.25,0.4763021469116211,-0.6196207404136658,-0.17216810584068298,-0.5996370911598206
371182000000,-0.034483909606933594,-0.15000000596046448,4.25,-0.06426328420639038,0.2517552375793457,-0.6987125277519226,-0.6665511131286621
371701000000,-0.034483909606933594,-0.15000000596046448,4.25,0.04213832691311836,0.39041587710380554,-0.9196733832359314,-0.000861282111145556
372153000000,-0.034483909606933594,-0.15000000596046448,4.25,0.30029621720314026,0.49913540482521057,0.5198248028755188,-0.6248745918273926
372602000000,-0.034483909606933594,-0.15000000596046448,4.25,-0.13440310955047607,-0.42539361119270325,0.8803437352180481,-0.16115522384643555
373057000000,-0.034483909606933594,-0.15000000596046448,4.25,-0.7956965565681458,-0.05126600340008736,-0.5809025764465332,-0.16367968916893005
373491000000,-0.034483909606933594,-0.15000000596046448,4.25,0.17607635259628296,0.7639150023460388,0.3670840561389923,-0.5006799101829529
373921000000,-0.034483909606933594,-0.15000000596046448,4.25,0.27520933747291565,0.7933933734893799,-0.29221397638320923,-0.45760011672973633
374366000000,-0.034483909606933594,-0.15000000596046448,4.25,-0.5540792942047119,0.38736027479171753,-0.6894051432609558,-0.2601320743560791
374793000000,-0.034483909606933594,-0.15000000596046448,4.25,-0.6356954574584961,-0.10769570618867874,-0.16091500222682953,-0.7472612261772156
375247000000,-0.034483909606933594,-0.15000000596046448,4.25,0.1931956559419632,-0.06229196488857269,-0.3096834719181061,-0.9289194941520691
375709000000,-0.034483909606933594,-0.15000000596046448,4.25,-0.4273235499858856,-0.38964155316352844,-0.48099181056022644,-0.6589545011520386
376140000000,-0.034483909606933594,-0.15000000596046448,4.25,-0.4546530246734619,0.11958664655685425,-0.253145307302475,-0.845521867275238
376621000000,-0.034483909606933594,-0.15000000596046448,4.25,0.4292978346347809,0.475646048784256,0.6566654443740845,-0.3978123664855957
377064000000,-0.034483909606933594,-0.15000000596046448,4.25,-0.31584838032722473,-0.5351997017860413,0.6605522632598877,-0.4212740957736969
377495000000,-0.034483909606933594,-0.15000000596046448,4.25,0.7420823574066162,0.6380972862243652,-0.11881235986948013,-0.16741926968097687
377947000000,-0.034483909606933594,-0.15000000596046448,4.25,0.06428319215774536,0.5891878008842468,-0.5845127701759338,-0.5541393160820007
378401000000,-0.034483909606933594,-0.15000000596046448,4.25,-0.4529508948326111,0.40917378664016724,0.6628938913345337,-0.43357136845588684
378787000000,-0.034483909606933594,-0.15000000596046448,4.25,0.48464900255203247,0.4204055070877075,0.47818711400032043,-0.5997596383094788
379172000000,-0.034483909606933594,-0.15000000596046448,4.25,-0.4807269275188446,-0.6294264793395996,-0.5900979042053223,-0.15655165910720825
379655000000,-0.034483909606933594,-0.15000000596046448,4.25,-0.7076192498207092,0.6056981682777405,0.3373871147632599,-0.1362890899181366
380060000000,-0.034483909606933594,-0.15000000596046448,4.25,0.31645727157592773,-0.4686259627342224,0.5955206751823425,-0.5706135034561157
380557000000,-0.034483909606933594,-0.15000000596046448,4.25,-0.5752849578857422,-0.7813023328781128,0.1940099447965622,-0.14482448995113373
381008000000,-0.034483909606933594,-0.15000000596046448,4.25,-0.4653259813785553,-0.12621568143367767,-0.3419885039329529,-0.8065885901451111
381475000000,-0.034483909606933594,-0.15000000596046448,4.25,0.27568158507347107,-0.5610160231590271,0.6779700517654419,-0.3868039548397064
381887000000,-0.034483909606933594,-0.15000000596046448,4.25,-0.42144763469696045,0.5430977940559387,-0.6680930256843567,-0.2847428321838379
382382000000,-0.034483909606933594,-0.15000000596046448,4.25,0.02845580317080021,0.6488839387893677,-0.24974505603313446,-0.7181694507598877
382828000000,-0.034483909606933594,-0.15000000596046448,4.25,0.39205682277679443,-0.44181761145591736,0.2787148058414459,-0.7572362422943115
383263000000,-0.034483909606933594,-0.15000000596046448,4.25,0.020966291427612305,0.448511004447937,-0.6359806060791016,-0.6276360750198364
383745000000,-0.034483909606933594,-0.15000000596046448,4.25,-0.49728068709373474,0.7493160963058472,-0.3568047285079956,-0.2528393566608429
384169000000,-0.034483909606933594,-0.15000000596046448,4.25,-0.047509368509054184,-0.5547801852226257,0.7591586112976074,-0.3371053636074066
384630000000,-0.034483909606933594,-0.15000000596046448,4.25,-0.6260950565338135,-0.39141976833343506,-0.5317836403846741,-0.41473090648651123
385073000000,-0.034483909606933594,-0.15000000596046448,4.25,0.328512579202652,0.7893276214599609,0.4374397099018097,-0.2787254750728607
385519000000,-0.034483909606933594,-0.15000000596046448,4.25,0.45321863889694214,-0.6558077335357666,-0.17862844467163086,-0.5767157077789307
385967000000,-0.034483909606933594,-0.15000000596046448,4.25,-0.3714946210384369,-0.6056304574012756,-0.6321403384208679,-0.3091959059238434
386434000000,-0.034483909606933594,-0.15000000596046448,4.25,-0.13159367442131042,-0.5531296730041504,-0.4805554151535034,-0.6676805019378662
386884000000,-0.034483909606933594,-0.15000000596046448,4.25,-0.6853691339492798,-0.5917689800262451,0.17930439114570618,-0.3846147954463959
387335000000,-0.034483909606933594,-0.15000000596046448,4.25,0.44538676738739014,-0.20743314921855927,0.5463281273841858,-0.678327202796936
387767000000,-0.034483909606933594,-0.15000000596046448,4.25,0.24576212465763092,0.28765174746513367,0.9247456192970276,-0.041268669068813324
388228000000,-0.034483909606933594,-0.15000000596046448,4.25,-0.6137805581092834,0.30059680342674255,0.6202570796012878,-0.3849625587463379
388684000000,-0.034483909606933594,-0.15000000596046448,4.25,0.3965512812137604,-0.03980468586087227,0.6667718291282654,-0.6297444105148315
389121000000,-0.034483909606933594,-0.15000000596046448,4.25,-0.82267826795578,0.535831093788147,-0.1862565577030182,-0.03733719140291214
389542000000,-0.034483909606933594,-0.15000000596046448,4.25,0.04545431211590767,0.39737462997436523,0.8052762746810913,-0.437672883272171
389983000000,-0.034483909606933594,-0.15000000596046448,4.25,0.05545473098754883,-0.48318272829055786,-0.6830015778541565,-0.5449478626251221
390390000000,-0.034483909606933594,-0.15000000596046448,4.25,0.6644647717475891,0.4032648205757141,-0.6291587352752686,-0.004834846593439579
390845000000,-0.034483909606933594,-0.15000000596046448,4.25,-0.16420762240886688,-0.17405745387077332,0.25883805751800537,-0.9358112812042236
391303000000,-0.034483909606933594,-0.15000000596046448,4.25,0.5235629081726074,0.22318430244922638,-0.7538979053497314,-0.32819002866744995
391701000000,-0.034483909606933594,-0.15000000596046448,4.25,0.19015879929065704,-0.4546605348587036,0.5456309914588928,-0.6777980923652649
392064000000,-0.034483909606933594,-0.15000000596046448,4.25,-0.6392004489898682,0.3109775483608246,-0.6408886313438416,-0.2897888720035553
392487000000,-0.034483909606933594,-0.15000000596046448,4.25,0.3228629231452942,-0.44375577569007874,0.8319064974784851,-0.08229237794876099
392892000000,-0.034483909606933594,-0.15000000596046448,4.25,-0.829382598400116,-0.06004751846194267,0.18148227035999298,-0.5249601006507874
393376000000,-0.034483909606933594,-0.15000000596046448,4.25,-0.7371794581413269,0.13289271295070648,0.5634910464286804,-0.34840184450149536
393825000000,-0.034483909606933594,-0.15000000596046448,4.25,-0.8983159065246582,-0.24987933039665222,-0.19142091274261475,-0.3065076768398285
394298000000,-0.034483909606933594,-0.15000000596046448,4.25,-0.7931483387947083,0.16259126365184784,-0.11923279613256454,-0.5746854543685913
394737000000,-0.034483909606933594,-0.15000000596046448,4.25,-0.5291947722434998,-0.06652531027793884,-0.7654752135276794,-0.3599652051925659
395183000000,-0.034483909606933594,-0.15000000596046448,4.25,0.564518928527832,0.6377213597297668,-0.15679921209812164,-0.5000439882278442
395635000000,-0.034483909606933594,-0.15000000596046448,4.25,-0.2119048535823822,-0.6642118692398071,0.6882567405700684,-0.200553297996521
396124000000,-0.034483909606933594,-0.15000000596046448,4.25,-0.06754094362258911,-0.09082785248756409,0.9653007984161377,-0.23533575236797333
396579000000,-0.034483909606933594,-0.15000000596046448,4.25,0.43781647086143494,-0.10641102492809296,0.809830904006958,-0.37572237849235535
397054000000,-0.034483909606933594,-0.15000000596046448,4.25,0.5925167202949524,-0.22422876954078674,0.4449690878391266,-0.6329675316810608
397499000000,-0.034483909606933594,-0.15000000596046448,4.25,-0.5738872289657593,-0.19117842614650726,-0.7962808012962341,-0.006417290307581425
397937000000,-0.034483909606933594,-0.15000000596046448,4.25,0.6220220327377319,-0.48007118701934814,0.36435386538505554,-0.49986645579338074
398407000000,-0.034483909606933594,-0.15000000596046448,4.25,-0.2717364728450775,0.6233132481575012,-0.5875411629676819,-0.4386745095252991
398895000000,-0.034483909606933594,-0.15000000596046448,4.25,0.4866119623184204,0.6395963430404663,0.5907951593399048,-0.07131867855787277
399339000000,-0.034483909606933594,-0.15000000596046448,4.25,-0.6240562796592712,0.5038842558860779,0.5106128454208374,-0.3097241520881653
399791000000,-0.034483909606933594,-0.15000000596046448,4.25,0.8272684812545776,-0.5550062656402588,-0.0870213583111763,-0.004723723977804184
400253000000,-0.034483909606933594,-0.15000000596046448,4.25,0.38432759046554565,-0.7637121677398682,-0.16235025227069855,-0.4926240146160126
400694000000,-0.034483909606933594,-0.15000000596046448,4.25,0.566150963306427,0.7038321495056152,-0.02226114459335804,-0.4284833073616028
401164000000,-0.034483909606933594,-0.15000000596046448,4.25,0.5829690098762512,-0.7041200995445251,0.15929490327835083,-0.3728099465370178
401624000000,-0.034483909606933594,-0.15000000596046448,4.25,0.5457130074501038,-0.10777021199464798,-0.5813358426094055,-0.5938278436660767
402095000000,-0.034483909606933594,-0.15000000596046448,4.25,-0.10185601562261581,0.803165853023529,-0.1119915321469307,-0.5762012600898743
402574000000,-0.034483909606933594,-0.15000000596046448,4.25,0.6521785855293274,-0.02341553382575512,-0.5234540104866028,-0.5478236079216003
403024000000,-0.034483909606933594,-0.15000000596046448,4.25,0.20801778137683868,-0.8120501041412354,0.041504744440317154,-0.5436732172966003
403501000000,-0.034483909606933594,-0.15000000596046448,4.25,-0.6726367473602295,-0.521549642086029,0.4622150957584381,-0.24880322813987732
403966000000,-0.034483909606933594,-0.15000000596046448,4.25,-0.01636362634599209,0.574237585067749,-0.546508252620697,-0.6093539595603943
404421000000,-0.034483909606933594,-0.15000000596046448,4.25,-0.5934246182441711,-0.5424791574478149,-0.5770152807235718,-0.14358645677566528
404885000000,-0.034483909606933594,-0.15000000596046448,4.25,-0.14685219526290894,0.4145737588405609,0.826621949672699,-0.35108286142349243
405336000000,-0.034483909606933594,-0.15000000596046448,4.25,-0.08989594876766205,0.18652021884918213,-0.7436481714248657,-0.6357015371322632
405807000000,-0.034483909606933594,-0.15000000596046448,4.25,-0.4328237771987915,0.5590648651123047,-0.6522852182388306,-0.273192435503006
406249000000,-0.034483909606933594,-0.15000000596046448,4.25,0.3607897162437439,0.3400628864765167,0.8451083302497864,-0.19994986057281494
406696000000,-0.034483909606933594,-0.15000000596046448,4.25,0.10054497420787811,0.7909657955169678,-0.6035397052764893,-0.0019337000558152795
407153000000,-0.034483909606933594,-0.15000000596046448,4.25,-0.1133037731051445,0.3969208896160126,0.7410045862197876,-0.5296491980552673
407618000000,-0.034483909606933594,-0.15000000596046448,4.25,0.5894040465354919,0.43797868490219116,-0.20262621343135834,-0.647858202457428
408075000000,-0.034483909606933594,-0.15000000596046448,4.25,-0.5210858583450317,0.39984139800071716,-0.4399733245372772,-0.6123886108398438
408571000000,-0.034483909606933594,-0.15000000596046448,4.25,-0.5586328506469727,-0.08412552624940872,0.6829259991645813,-0.46310296654701233
409044000000,-0.034483909606933594,-0.15000000596046448,4.25,0.2493971586227417,0.841947078704834,-0.4087093472480774,-0.24876274168491364
409516000000,-0.034483909606933594,-0.15000000596046448,4.25,0.27155330777168274,0.2610490024089813,0.9238480925559998,-0.06794868409633636
409982000000,-0.034483909606933594,-0.15000000596046448,4.25,0.30026859045028687,0.7963275909423828,-0.5054726600646973,-0.14212188124656677
410434000000,-0.034483909606933594,-0.15000000596046448,4.25,-0.11047615855932236,-0.5602080225944519,-0.6273968815803528,-0.5294669270515442
410884000000,-0.034483909606933594,-0.15000000596046448,4.25,-0.6471773982048035,-0.25152578949928284,0.5249538421630859,-0.4922598600387573
411342000000,-0.034483909606933594,-0.15000000596046448,4.25,0.7322292327880859,-0.30961546301841736,-0.13602259755134583,-0.5911654233932495
411853000000,-0.034483909606933594,-0.15000000596046448,4.25,-0.7501699924468994,-0.3669503331184387,-0.3946266174316406,-0.3832261264324188
412311000000,-0.034483909606933594,-0.15000000596046448,4.25,0.38142749667167664,0.5889402031898499,-0.6676357984542847,-0.24884729087352753
412782000000,-0.034483909606933594,-0.15000000596046448,4.25,0.5735158920288086,0.5052013993263245,-0.5990760326385498,-0.23866088688373566
413248000000,-0.034483909606933594,-0.15000000596046448,4.25,-0.2131970226764679,0.1963723599910736,0.6757327914237976,-0.6777685284614563
413708000000,-0.034483909606933594,-0.15000000596046448,4.25,0.29332199692726135,-0.36973845958709717,0.7141477465629578,-0.5169611573219299
414172000000,-0.034483909606933594,-0.15000000596046448,4.25,-0.6789810657501221,0.33286914229393005,0.15136435627937317,-0.6366094946861267
414668000000,-0.034483909606933594,-0.15000000596046448,4.25,-0.5824199318885803,0.7780393362045288,0.2342558205127716,-0.02379382774233818
415141000000,-0.034483909606933594,-0.15000000596046448,4.25,-0.5508147478103638,0.2346877008676529,0.5932735204696655,-0.5380997061729431
415612000000,-0.034483909606933594,-0.15000000596046448,4.25,-0.13722868263721466,-0.6618412733078003,0.3793124854564667,-0.6318674683570862
416078000000,-0.034483909606933594,-0.15000000596046448,4.25,-0.7883914709091187,0.07873013615608215,-0.3360648453235626,-0.5092160701751709
416546000000,-0.034483909606933594,-0.15000000596046448,4.25,-0.2693876326084137,0.45456159114837646,-0.629659116268158,-0.5695028901100159
417015000000,-0.034483909606933594,-0.15000000596046448,4.25,-0.34711503982543945,0.37034672498703003,0.8113212585449219,-0.29002103209495544
417473000000,-0.034483909606933594,-0.15000000596046448,4.25,0.7390347123146057,0.28342732787132263,-0.2235354781150818,-0.5687957406044006
417931000000,-0.034483909606933594,-0.15000000596046448,4.25,-0.5715389251708984,-0.40002185106277466,-0.7158026695251465,-0.03086034394800663
418400000000,-0.034483909606933594,-0.15000000596046448,4.25,0.7161646485328674,-0.46431002020835876,0.4957316219806671,-0.16054482758045197
418865000000,-0.034483909606933594,-0.15000000596046448,4.25,0.5191874504089355,-0.4420762062072754,0.6642572283744812,-0.30622783303260803
419322000000,-0.034483909606933594,-0.15000000596046448,4.25,-0.30582061409950256,0.8378885984420776,-0.06727307289838791,-0.44709154963493347
419800000000,-0.034483909606933594,-0.15000000596046448,4.25,0.23023061454296112,-0.7308468222618103,0.6376768350601196,-0.07889888435602188
420241000000,-0.034483909606933594,-0.15000000596046448,4.25,0.6648437976837158,0.34913161396980286,-0.6589521765708923,-0.04326499626040459
420710000000,-0.034483909606933594,-0.15000000596046448,4.25,0.7748358845710754,-0.330706387758255,-0.5247493386268616,-0.12206894159317017
421171000000,-0.034483909606933594,-0.15000000596046448,4.25,0.7228413820266724,-0.347823828458786,0.3344261348247528,-0.4946494400501251
421643000000,-0.034483909606933594,-0.15000000596046448,4.25,0.7435595989227295,0.6620439887046814,-0.01319173164665699,-0.09296736866235733
422115000000,-0.034483909606933594,-0.15000000596046448,4.25,0.5296761393547058,0.20711451768875122,-0.7713812589645386,-0.2855132222175598
422566000000,-0.034483909606933594,-0.15000000596046448,4.25,0.6257544159889221,0.053647831082344055,0.045087940990924835,-0.7768657803535461
423018000000,-0.034483909606933594,-0.15000000596046448,4.25,-0.6840147972106934,-0.5966548323631287,-0.31539514660835266,-0.27686235308647156
423495000000,-0.034483909606933594,-0.15000000596046448,4.25,0.7695303559303284,0.46641379594802856,-0.0431789755821228,-0.43407008051872253
423952000000,-0.034483909606933594,-0.15000000596046448,4.25,0.899164080619812,-0.0072655328549444675,-0.1182752251625061,-0.42126262187957764
424404000000,-0.034483909606933594,-0.15000000596046448,4.25,0.10316982120275497,0.5473229289054871,-0.5821316242218018,-0.5923819541931152
424857000000,-0.034483909606933594,-0.15000000596046448,4.25,0.026535049080848694,0.02887512370944023,-0.04723259061574936,-0.9981138110160828
425307000000,-0.034483909606933594,-0.15000000596046448,4.25,-0.696463406085968,-0.5447574853897095,0.19431526958942413,-0.42475831508636475
425788000000,-0.034483909606933594,-0.15000000596046448,4.25,0.5176839828491211,-0.45182058215141296,-0.3271331191062927,-0.6487260460853577
426263000000,-0.034483909606933594,-0.15000000596046448,4.25,0.6740128993988037,0.20194286108016968,0.3653513789176941,-0.6094622015953064
426714000000,-0.034483909606933594,-0.15000000596046448,4.25,-0.8048186898231506,0.5811948180198669,0.08669258654117584,-0.08344972878694534
427178000000,-0.034483909606933594,-0.15000000596046448,4.25,0.6016936898231506,0.6898610591888428,-0.25899043679237366,-0.3081889748573303
427635000000,-0.034483909606933594,-0.15000000596046448,4.25,-0.538713276386261,-0.6944039463996887,0.45763149857521057,-0.13477590680122375
428092000000,-0.034483909606933594,-0.15000000596046448,4.25,-0.09128729999065399,-0.07466103136539459,0.4482809901237488,-0.8860792517662048
428559000000,-0.034483909606933594,-0.15000000596046448,4.25,0.10866256058216095,-0.556380569934845,-0.4756005108356476,-0.6726346015930176
429048000000,-0.034483909606933594,-0.15000000596046448,4.25,0.5030118227005005,-0.521287202835083,-0.6473056674003601,-0.23713740706443787
429518000000,-0.034483909606933594,-0.15000000596046448,4.25,-0.6144723892211914,0.4366578757762909,-0.5198528170585632,-0.4018790125846863
429959000000,-0.034483909606933594,-0.15000000596046448,4.25,-0.16921453177928925,-0.12166932225227356,-0.5559436678886414,-0.8046674728393555
430419000000,-0.034483909606933594,-0.15000000596046448,4.25,0.10809442400932312,-0.3707176446914673,0.5415970087051392,-0.7466972470283508
430889000000,-0.034483909606933594,-0.15000000596046448,4.25,-0.8096202611923218,0.3743409216403961,0.2033606767654419,-0.4037676155567169
431335000000,-0.034483909606933594,-0.15000000596046448,4.25,-0.14509186148643494,0.4985133111476898,-0.16688299179077148,-0.8382022380828857
431804000000,-0.034483909606933594,-0.15000000596046448,4.25,0.5888351202011108,-0.2518880069255829,0.07204961776733398,-0.7646140456199646
432284000000,-0.034483909606933594,-0.15000000596046448,4.25,0.049478642642498016,-0.2639818489551544,0.4106535315513611,-0.8713375926017761
432756000000,-0.034483909606933594,-0.15000000596046448,4.25,0.5307276844978333,0.43258750438690186,-0.5432276725769043,-0.4859011173248291
433207000000,-0.034483909606933594,-0.15000000596046448,4.25,0.45130661129951477,-0.6014798283576965,-0.37636107206344604,-0.5411993861198425
433664000000,-0.034483909606933594,-0.15000000596046448,4.25,0.8081587553024292,-0.2997930347919464,0.02322574146091938,-0.5064228773117065
434114000000,-0.034483909606933594,-0.15000000596046448,4.25,-0.08898176997900009,-0.5295469164848328,-0.24577945470809937,-0.8070036172866821
434575000000,-0.034483909606933594,-0.15000000596046448,4.25,-0.14817646145820618,-0.32796475291252136,0.8714070916175842,-0.3333654999732971
435045000000,-0.034483909606933594,-0.15000000596046448,4.25,-0.7700071930885315,0.531994640827179,0.25369560718536377,-0.24435482919216156
435500000000,-0.034483909606933594,-0.15000000596046448,4.25,0.3117966055870056,-0.48807528614997864,-0.5977059006690979,-0.5543582439422607
435974000000,-0.034483909606933594,-0.15000000596046448,4.25,-0.16043764352798462,0.6965671181678772,0.45288392901420593,-0.5328697562217712
436430000000,-0.034483909606933594,-0.15000000596046448,4.25,-0.4667953848838806,0.7949376106262207,-0.35101941227912903,-0.1642000526189804
436893000000,-0.034483909606933594,-0.15000000596046448,4.25,0.07052237540483475,-0.07655628770589828,-0.9558528065681458,-0.27479296922683716
437355000000,-0.034483909606933594,-0.15000000596046448,4.25,0.9890223145484924,0.025338083505630493,-0.03592681512236595,-0.14107510447502136
437761000000,-0.034483909606933594,-0.15000000596046448,4.25,-0.361522912979126,-0.5051418542861938,0.5599445700645447,-0.5482654571533203
438235000000,-0.034483909606933594,-0.15000000596046448,4.25,-0.39476245641708374,-0.4222013056278229,0.6501086950302124,-0.4932214021682739
438642000000,-0.034483909606933594,-0.15000000596046448,4.25,-0.19520166516304016,0.2212134301662445,0.7392786145210266,-0.6053330898284912
439047000000,-0.034483909606933594,-0.15000000596046448,4.25,0.24274684488773346,0.6698862314224243,0.5084091424942017,-0.48357683420181274
439426000000,-0.034483909606933594,-0.15000000596046448,4.25,-0.6466836333274841,-0.48380663990974426,-0.40022146701812744,-0.43307533860206604
439875000000,-0.034483909606933594,-0.15000000596046448,4.25,0.5961928963661194,0.21550261974334717,0.3203633725643158,-0.7039034366607666
440326000000,-0.034483909606933594,-0.15000000596046448,4.25,-0.6167222261428833,-0.36277490854263306,0.2036236822605133,-0.6682705879211426
440748000000,-0.034483909606933594,-0.15000000596046448,4.25,-0.7457743287086487,-0.6308058500289917,-0.16435562074184418,-0.1374477595090866
441193000000,-0.034483909606933594,-0.15000000596046448,4.25,-0.9130377173423767,-0.12492383271455765,-0.3571954071521759,-0.15220914781093597
441656000000,-0.034483909606933594,-0.15000000596046448,4.25,-0.5951356291770935,-0.41157811880111694,0.6766347885131836,-0.13631728291511536
442095000000,-0.034483909606933594,-0.15000000596046448,4.25,0.07034475356340408,0.37436968088150024,0.6458815336227417,-0.6616162657737732
442578000000,-0.034483909606933594,-0.15000000596046448,4.25,0.321196049451828,-0.5721454620361328,0.05822797119617462,-0.75239098072052
443018000000,-0.034483909606933594,-0.15000000596046448,4.25,0.6318378448486328,0.2400755137205124,0.6223315000534058,-0.394776314496994
443482000000,-0.034483909606933594,-0.15000000596046448,4.25,-0.600206732749939,0.04163730517029762,-0.18042881786823273,-0.7781155109405518
443929000000,-0.034483909606933594,-0.15000000596046448,4.25,-0.6992133855819702,-0.06402396410703659,-0.3574782907962799,-0.6158010363578796
444396000000,-0.034483909606933594,-0.15000000596046448,4.25,-0.5027283430099487,0.6201708316802979,0.18780401349067688,-0.5721731781959534
444843000000,-0.034483909606933594,-0.15000000596046448,4.25,-0.4360714852809906,0.5416519045829773,-0.6164178848266602,-0.3694373071193695
445290000000,-0.034483909606933594,-0.15000000596046448,4.25,-0.4990631937980652,-0.1441253423690796,0.014932573772966862,-0.8543657660484314
445743000000,-0.034483909606933594,-0.15000000596046448,4.25,-0.5802245140075684,-0.19257213175296783,0.636915922164917,-0.4696739912033081
446188000000,-0.034483909606933594,-0.15000000596046448,4.25,0.43269801139831543,-0.6339735388755798,0.44019070267677307,-0.4659208059310913
446655000000,-0.034483909606933594,-0.15000000596046448,4.25,-0.28441908955574036,0.13807079195976257,-0.9286621809005737,-0.19398152828216553
447102000000,-0.034483909606933594,-0.15000000596046448,4.25,-0.6650483012199402,-0.17190957069396973,-0.6718004941940308,-0.2772039771080017
447549000000,-0.034483909606933594,-0.15000000596046448,4.25,0.4573102593421936,-0.5585137009620667,-0.6805362701416016,-0.12569895386695862
448024000000,-0.034483909606933594,-0.15000000596046448,4.25,0.5930346250534058,-0.7599597573280334,0.14230188727378845,-0.22476965188980103
448456000000,-0.034483909606933594,-0.15000000596046448,4.25,-0.4749927222728729,0.44957196712493896,-0.4381157159805298,-0.6167022585868835
448934000000,-0.034483909606933594,-0.15000000596046448,4.25,-0.4913088381290436,0.7062097787857056,0.29303672909736633,-0.41714853048324585
449375000000,-0.034483909606933594,-0.15000000596046448,4.25,-0.733009397983551,-0.5363104939460754,0.054571449756622314,-0.4148377478122711
